	MEdarkgrey	MEroyalblue	MEgreen	MElightyellow	MEdarkred	MEmidnightblue	MElightcyan	MEred	MEsaddlebrown	MEorange	MEskyblue	MEdarkturquoise	MEgrey60	MElightgreen	MEdarkorange	MEtan	MEcyan	MEyellow	MEwhite	MEbrown	MEgreenyellow	MEmagenta	MEblack	MEpink	MEpurple	MEblue	MEturquoise	MEdarkgreen	MEsalmon	MEgrey
MEdarkgrey	0.999999999999999	0.50881907728407	0.52479741079692	0.513709026613917	0.48003384925868	0.47969912658881	0.481496883608447	0.415554680996244	0.48335234890026	0.481939684490687	0.48263878912631	0.483388515342293	0.473539334822883	0.483114251044432	0.481465275720718	0.481231685073878	0.49642377917453	0.522766766667362	0.486567783297147	0.483568060734132	0.488409146367304	0.490464680558462	0.496681863765558	0.500084508148747	0.436139277316415	0.502338700014829	0.48210508192822	0.482026329424299	0.492437745421766	0.484351593974929
MEroyalblue	0.50881907728407	0.999999999999999	0.784242018744251	0.530135456689589	0.486692714321413	0.48832212455913	0.486292916064488	0.436586680105916	0.488429787411062	0.486873060400306	0.486272571777604	0.486583046742063	0.489421965393715	0.488065668906128	0.48625043473891	0.483638911489384	0.499609835481031	0.480976455215735	0.497112606462607	0.487045514768728	0.489783074627188	0.493783247458292	0.489789709670342	0.497136264450569	0.469647825772816	0.493999070915263	0.467777184358516	0.48955968420327	0.486957540648361	0.48538536088387
MEgreen	0.52479741079692	0.784242018744251	1	0.788483949946202	0.480838512894834	0.475935419723938	0.478291896010703	0.395852533845745	0.48038437347034	0.473468752842505	0.475334648400079	0.480947501934746	0.473528184389136	0.481858369278198	0.475629872581695	0.476945251040284	0.489058822170171	0.485394224163646	0.484062115734718	0.479403292993884	0.480533740642741	0.483397321046325	0.478003166731959	0.486939534049529	0.405888647130573	0.481956929882769	0.446884837478762	0.471678598882642	0.474575237013689	0.497643403098188
MElightyellow	0.513709026613917	0.530135456689589	0.788483949946202	1	0.49296799883668	0.483907786563548	0.488894563876083	0.438405685048502	0.490202167981804	0.485116371672212	0.486003876793162	0.486287890943374	0.482534207810372	0.485137881234152	0.485226044810003	0.487664880629803	0.486121339814626	0.487438807613614	0.495735222993647	0.483855783713343	0.488392723604413	0.488561282305516	0.482489695186951	0.488166991938892	0.423489660734064	0.486959865803605	0.459662008944808	0.483781639486768	0.487345062554655	0.509842152289393
MEdarkred	0.48003384925868	0.486692714321413	0.480838512894834	0.49296799883668	1	0.579489204558255	0.501172457285968	0.608004744247681	0.522054248590982	0.47844638038603	0.482659821394554	0.488986384986247	0.477952329136414	0.48644328269054	0.489117957774593	0.483888366708909	0.482578431181839	0.47091532241688	0.492267743862145	0.487730086674762	0.490921936491207	0.493052498492173	0.495513700905041	0.490951392099465	0.524329591084967	0.482079499746009	0.462820837469456	0.492723330921425	0.49051096112537	0.431370371114409
MEmidnightblue	0.47969912658881	0.48832212455913	0.475935419723938	0.483907786563548	0.579489204558255	1	0.543715886460803	0.619457430155924	0.536862969270917	0.479406402756906	0.497243586730478	0.498224059877972	0.481520819940916	0.485247552717436	0.480812625576908	0.48629055997785	0.478423250997522	0.487567432297897	0.482629814156958	0.492019546034414	0.481417673639713	0.490555810075503	0.485244608201847	0.481548344990697	0.49077104160862	0.487067140436022	0.45558984544173	0.479482433514612	0.490947340923723	0.44682593355468
MElightcyan	0.481496883608447	0.486292916064488	0.478291896010703	0.488894563876083	0.501172457285968	0.543715886460803	1	0.643179861319022	0.50224922340215	0.485122438264439	0.49392804628124	0.492684294756195	0.485896001399466	0.483333625939363	0.484264682296874	0.520774612918141	0.487052803091461	0.470917625535932	0.488237145212301	0.501550688420937	0.485570640557503	0.483973181710591	0.488590983714541	0.487170220978654	0.465904694752406	0.48866641860301	0.47041326185225	0.481399227350251	0.486234649216328	0.51687504498099
MEred	0.415554680996244	0.436586680105916	0.395852533845745	0.438405685048502	0.608004744247681	0.619457430155924	0.643179861319022	1	0.643759187880043	0.499952061379602	0.51353176224531	0.500170504108838	0.492728348008092	0.461744082638799	0.467480376866842	0.489686216488712	0.41795617566884	0.369782058265049	0.488635590204573	0.508960809643801	0.52438528252369	0.520216569482733	0.526023784887097	0.519180865022706	0.543923870879527	0.51500475121961	0.51594621754024	0.500445884980828	0.482904602831274	0.393580864575706
MEsaddlebrown	0.48335234890026	0.488429787411062	0.48038437347034	0.490202167981804	0.522054248590982	0.536862969270917	0.50224922340215	0.643759187880043	1	0.502913317387935	0.492944341053564	0.513203848637669	0.49286784655786	0.487699858455705	0.495786580705245	0.489063638878755	0.489300305311867	0.479120326963074	0.485342483236706	0.494780091878443	0.493591459860561	0.489822369529085	0.500309989451356	0.491622221787105	0.490707559308135	0.498063463097463	0.495718235466923	0.48686513040261	0.488443820343768	0.489482920128855
MEorange	0.481939684490687	0.486873060400306	0.473468752842505	0.485116371672212	0.47844638038603	0.479406402756906	0.485122438264439	0.499952061379602	0.502913317387935	1	0.510019506042693	0.54326225482792	0.54798403636498	0.526287968991377	0.497776680119357	0.509417624263175	0.480580726952455	0.473394472212815	0.502743803086979	0.514941926060428	0.530843696682485	0.501512369585628	0.513141316464234	0.491978639241629	0.493504524436337	0.48602943034484	0.523789290135752	0.490174038855897	0.490845745330093	0.556290152474078
MEskyblue	0.48263878912631	0.486272571777604	0.475334648400079	0.486003876793162	0.482659821394554	0.497243586730478	0.49392804628124	0.51353176224531	0.492944341053564	0.510019506042693	1	0.523655457446592	0.581927706574916	0.499054406999239	0.494684013226032	0.483590276945444	0.484320236923891	0.470312722159356	0.496389336829881	0.493150902791252	0.487460110798609	0.487397196719574	0.498859326674088	0.49082320938314	0.48120819920655	0.488956710995194	0.479662099893274	0.49261500042418	0.487475899482656	0.535103037064637
MEdarkturquoise	0.483388515342293	0.486583046742063	0.480947501934746	0.486287890943374	0.488986384986247	0.498224059877972	0.492684294756195	0.500170504108838	0.513203848637669	0.54326225482792	0.523655457446592	1	0.595980644440311	0.489257678188478	0.483758536068021	0.494889202365474	0.481423080858583	0.480679174580269	0.493931287964809	0.493777893980204	0.49188845427254	0.500377069847518	0.498013791624891	0.50320503159864	0.45684230192045	0.497342722290095	0.521850972131373	0.485746364045962	0.494322280359644	0.567955436424517
MEgrey60	0.473539334822883	0.489421965393715	0.473528184389136	0.482534207810372	0.477952329136414	0.481520819940916	0.485896001399466	0.492728348008092	0.49286784655786	0.54798403636498	0.581927706574916	0.595980644440311	1	0.497315506959029	0.505561955593105	0.486745692438961	0.472836951228049	0.459427085002577	0.49022028596937	0.496709962493881	0.485987784956715	0.491638919422146	0.488047103714649	0.490874258666406	0.446822847913414	0.485330492688479	0.512022774591648	0.476695014581945	0.480793771190404	0.619061734856694
MElightgreen	0.483114251044432	0.488065668906128	0.481858369278198	0.485137881234152	0.48644328269054	0.485247552717436	0.483333625939363	0.461744082638799	0.487699858455705	0.526287968991377	0.499054406999239	0.489257678188478	0.497315506959029	1	0.544187159742623	0.519556829359907	0.481562170778606	0.483196671178012	0.485985408895466	0.494490038447742	0.490009354319086	0.491677787616605	0.495571954551739	0.489141224346656	0.447653412399675	0.494525809462859	0.501560988195569	0.486467920945093	0.485265264068645	0.594286072071347
MEdarkorange	0.481465275720718	0.48625043473891	0.475629872581695	0.485226044810003	0.489117957774593	0.480812625576908	0.484264682296874	0.467480376866842	0.495786580705245	0.497776680119357	0.494684013226032	0.483758536068021	0.505561955593105	0.544187159742623	1	0.620291775261719	0.480714255559817	0.483026694678249	0.491350021560953	0.497070030564629	0.491527907482142	0.492409515913153	0.487371069562032	0.484738707129383	0.490240323163094	0.483232204653076	0.48168562791733	0.480968456877218	0.482283665782138	0.57715500944866
MEtan	0.481231685073878	0.483638911489384	0.476945251040284	0.487664880629803	0.483888366708909	0.48629055997785	0.520774612918141	0.489686216488712	0.489063638878755	0.509417624263175	0.483590276945444	0.494889202365474	0.486745692438961	0.519556829359907	0.620291775261719	1	0.48116574969821	0.491327503378623	0.486471668482602	0.506660484357901	0.497549701821973	0.50161027067535	0.500982550525039	0.504324206148956	0.507129330662823	0.509776459431068	0.525353601561456	0.48189686031104	0.488090533693497	0.539204691014254
MEcyan	0.49642377917453	0.499609835481031	0.489058822170171	0.486121339814626	0.482578431181839	0.478423250997522	0.487052803091461	0.41795617566884	0.489300305311867	0.480580726952455	0.484320236923891	0.481423080858583	0.472836951228049	0.481562170778606	0.480714255559817	0.48116574969821	1	0.570393175119079	0.491300341153722	0.489431900303452	0.503874422286355	0.488140003042561	0.491240988467654	0.484655813831094	0.468917476145437	0.497640135156859	0.480924053642176	0.487623838371217	0.488281247248732	0.469844540041752
MEyellow	0.522766766667362	0.480976455215735	0.485394224163646	0.487438807613614	0.47091532241688	0.487567432297897	0.470917625535932	0.369782058265049	0.479120326963074	0.473394472212815	0.470312722159356	0.480679174580269	0.459427085002577	0.483196671178012	0.483026694678249	0.491327503378623	0.570393175119079	1	0.485073700185504	0.500612133099194	0.494722314257887	0.50733264827951	0.485982761683339	0.511999258703798	0.456587247855736	0.547399810126198	0.556894929718328	0.472970806131951	0.495181602136426	0.479020533307956
MEwhite	0.486567783297147	0.497112606462607	0.484062115734718	0.495735222993647	0.492267743862145	0.482629814156958	0.488237145212301	0.488635590204573	0.485342483236706	0.502743803086979	0.496389336829881	0.493931287964809	0.49022028596937	0.485985408895466	0.491350021560953	0.486471668482602	0.491300341153722	0.485073700185504	1	0.519555933240296	0.49964345553996	0.504706336840366	0.502369505481105	0.502520163491993	0.58785199083542	0.506121082896868	0.601620308786301	0.536929722232245	0.498214153355037	0.47288880112251
MEbrown	0.483568060734132	0.487045514768728	0.479403292993884	0.483855783713343	0.487730086674762	0.492019546034414	0.501550688420937	0.508960809643801	0.494780091878443	0.514941926060428	0.493150902791252	0.493777893980204	0.496709962493881	0.494490038447742	0.497070030564629	0.506660484357901	0.489431900303452	0.500612133099194	0.519555933240296	1	0.537796120402554	0.526801148170715	0.539641478816995	0.52803915757898	0.624187951919603	0.539305383841618	0.625766373306132	0.511036380709676	0.49335798005406	0.482184447097379
MEgreenyellow	0.488409146367304	0.489783074627188	0.480533740642741	0.488392723604413	0.490921936491207	0.481417673639713	0.485570640557503	0.52438528252369	0.493591459860561	0.530843696682485	0.487460110798609	0.49188845427254	0.485987784956715	0.490009354319086	0.491527907482142	0.497549701821973	0.503874422286355	0.494722314257887	0.49964345553996	0.537796120402554	1	0.528800419639153	0.579512557498861	0.538568887683118	0.619775483945662	0.541282314689762	0.683922869143977	0.514039186238799	0.493730745029289	0.472306462008301
MEmagenta	0.490464680558462	0.493783247458292	0.483397321046325	0.488561282305516	0.493052498492173	0.490555810075503	0.483973181710591	0.520216569482733	0.489822369529085	0.501512369585628	0.487397196719574	0.500377069847518	0.491638919422146	0.491677787616605	0.492409515913153	0.50161027067535	0.488140003042561	0.50733264827951	0.504706336840366	0.526801148170715	0.528800419639153	1	0.542841660523534	0.534484451214893	0.589041496703095	0.56138035793459	0.764369145460082	0.502201890871397	0.493919591660227	0.495246134094541
MEblack	0.496681863765558	0.489789709670342	0.478003166731959	0.482489695186951	0.495513700905041	0.485244608201847	0.488590983714541	0.526023784887097	0.500309989451356	0.513141316464234	0.498859326674088	0.498013791624891	0.488047103714649	0.495571954551739	0.487371069562032	0.500982550525039	0.491240988467654	0.485982761683339	0.502369505481105	0.539641478816995	0.579512557498861	0.542841660523534	1	0.543663687983866	0.643422668349849	0.552396741490693	0.712966258143823	0.569289241017533	0.531513245535865	0.473531416296278
MEpink	0.500084508148747	0.497136264450569	0.486939534049529	0.488166991938892	0.490951392099465	0.481548344990697	0.487170220978654	0.519180865022706	0.491622221787105	0.491978639241629	0.49082320938314	0.50320503159864	0.490874258666406	0.489141224346656	0.484738707129383	0.504324206148956	0.484655813831094	0.511999258703798	0.502520163491993	0.52803915757898	0.538568887683118	0.534484451214893	0.543663687983866	1	0.602287429934125	0.579375859291012	0.773614429961431	0.503960288256209	0.506335138570084	0.479346038367652
MEpurple	0.436139277316415	0.469647825772816	0.405888647130573	0.423489660734064	0.524329591084967	0.49077104160862	0.465904694752406	0.543923870879527	0.490707559308135	0.493504524436337	0.48120819920655	0.45684230192045	0.446822847913414	0.447653412399675	0.490240323163094	0.507129330662823	0.468917476145437	0.456587247855736	0.58785199083542	0.624187951919603	0.619775483945662	0.589041496703095	0.643422668349849	0.602287429934125	1	0.626377473716454	0.756638794358876	0.65903430882835	0.638258458589993	0.172459310607231
MEblue	0.502338700014829	0.493999070915263	0.481956929882769	0.486959865803605	0.482079499746009	0.487067140436022	0.48866641860301	0.51500475121961	0.498063463097463	0.48602943034484	0.488956710995194	0.497342722290095	0.485330492688479	0.494525809462859	0.483232204653076	0.509776459431068	0.497640135156859	0.547399810126198	0.506121082896868	0.539305383841618	0.541282314689762	0.56138035793459	0.552396741490693	0.579375859291012	0.626377473716454	1	0.798758605508473	0.498044690830081	0.502073629309587	0.47823856305709
MEturquoise	0.48210508192822	0.467777184358516	0.446884837478762	0.459662008944808	0.462820837469456	0.45558984544173	0.47041326185225	0.51594621754024	0.495718235466923	0.523789290135752	0.479662099893274	0.521850972131373	0.512022774591648	0.501560988195569	0.48168562791733	0.525353601561456	0.480924053642176	0.556894929718328	0.601620308786301	0.625766373306132	0.683922869143977	0.764369145460082	0.712966258143823	0.773614429961431	0.756638794358876	0.798758605508473	1	0.5632032125719	0.50463104006958	0.46219086706783
MEdarkgreen	0.482026329424299	0.48955968420327	0.471678598882642	0.483781639486768	0.492723330921425	0.479482433514612	0.481399227350251	0.500445884980828	0.48686513040261	0.490174038855897	0.49261500042418	0.485746364045962	0.476695014581945	0.486467920945093	0.480968456877218	0.48189686031104	0.487623838371217	0.472970806131951	0.536929722232245	0.511036380709676	0.514039186238799	0.502201890871397	0.569289241017533	0.503960288256209	0.65903430882835	0.498044690830081	0.5632032125719	1	0.542896928019969	0.43383687673488
MEsalmon	0.492437745421766	0.486957540648361	0.474575237013689	0.487345062554655	0.49051096112537	0.490947340923723	0.486234649216328	0.482904602831274	0.488443820343768	0.490845745330093	0.487475899482656	0.494322280359644	0.480793771190404	0.485265264068645	0.482283665782138	0.488090533693497	0.488281247248732	0.495181602136426	0.498214153355037	0.49335798005406	0.493730745029289	0.493919591660227	0.531513245535865	0.506335138570084	0.638258458589993	0.502073629309587	0.50463104006958	0.542896928019969	1	0.4174149500326
MEgrey	0.484351593974929	0.48538536088387	0.497643403098188	0.509842152289393	0.431370371114409	0.44682593355468	0.51687504498099	0.393580864575706	0.489482920128855	0.556290152474078	0.535103037064637	0.567955436424517	0.619061734856694	0.594286072071347	0.57715500944866	0.539204691014254	0.469844540041752	0.479020533307956	0.47288880112251	0.482184447097379	0.472306462008301	0.495246134094541	0.473531416296278	0.479346038367652	0.172459310607231	0.47823856305709	0.46219086706783	0.43383687673488	0.4174149500326	1
